cycle_duration:
  mean: 2.7005090852420994
  std: 1.1724491403827362
  min: 0.1999999999999993
  max: 16.163
