cycle_duration:
  mean: 2.7371561202317722
  std: 1.2096298044734337
  min: 0.1999999999999993
  max: 16.163
